$ 1 0.000005 10.20027730826997 50 5 50 5e-11
f 944 336 1024 336 32 1.5 0.02
f 1136 464 1216 464 32 1.5 0.02
f 1312 464 1392 464 32 1.5 0.02
d 1024 192 1024 256 2 default
r 1024 368 1024 432 0 100
r 848 336 848 416 0 1000
w 944 336 848 336 0
g 1024 432 1024 464 0 0
g 848 416 848 448 0 0
R 608 336 544 336 0 0 40 5 0 0 0.5
R 1024 192 1024 144 0 0 40 5 0 0 0.5
w 1024 368 1024 352 0
w 1216 368 1216 384 0
w 1392 368 1392 384 0
g 1216 480 1216 512 0 0
g 1392 480 1392 512 0 0
R 1136 592 1136 640 0 0 40 5 0 0 0.5
R 1312 592 1312 640 0 0 40 5 0 0 0.5
s 1136 464 1136 592 0 1 false
s 1312 464 1312 592 0 1 false
s 608 336 848 336 0 1 false
r 1216 384 1216 448 0 50
r 1392 384 1392 448 0 100
370 1024 256 1024 320 1 0 0
r 1024 368 1216 368 0 50
r 1216 368 1392 368 0 100
